person1	0	279	665	794	
person2	1690	644	229	431	
person3	623	380	1030	699	
person1	0	280	667	791	
person2	1692	641	227	433	
person3	625	381	1030	698	
person1	0	280	667	790	
person2	1694	641	225	435	
person3	627	372	1024	707	
person1	0	281	670	790	
person2	1692	638	227	438	
person3	627	386	1025	691	
person1	0	283	668	786	
person2	1693	637	226	442	
person3	623	381	1034	698	
person1	0	280	670	790	
person2	1694	635	225	444	
person3	635	377	1010	702	
person1	0	275	665	795	
person2	1693	621	226	458	
person3	622	387	1040	689	
person1	0	274	665	801	
person2	1696	620	223	459	
person3	625	374	1026	705	
person1	0	270	669	807	
person2	1699	613	220	466	
person3	628	375	1020	704	
person1	0	265	666	812	
person2	621	375	1037	702	
person3	1693	607	226	454	
person1	0	265	666	813	
person2	637	378	1003	701	
person3	1733	589	186	477	
person1	0	270	666	808	
person2	628	377	1019	702	
person1	0	267	663	812	
person2	627	374	1025	705	
person1	0	268	669	810	
person2	627	385	1024	689	
person1	0	266	665	813	
person2	633	382	1010	697	
person1	0	264	663	815	
person2	617	378	1041	701	
person1	0	267	662	812	
person2	634	378	1007	701	
person1	0	264	664	815	
person2	629	379	1023	700	
person3	1697	617	222	433	
person1	0	263	666	816	
person2	623	377	1031	702	
person1	0	266	665	813	
person2	629	373	1020	706	
person1	0	262	664	817	
person2	633	374	1012	705	
person3	1736	612	183	467	
person1	0	269	664	809	
person2	630	378	1019	701	
person3	1697	609	222	448	
person1	0	265	661	814	
person2	638	377	1006	702	
person3	1691	610	228	445	
person1	0	258	660	821	
person2	1694	610	225	448	
person3	622	378	1038	701	
person1	0	266	662	811	
person2	632	376	1017	703	
person3	1699	604	220	458	
person1	0	270	664	805	
person2	631	378	1021	701	
person3	1702	627	217	451	
person1	0	268	665	809	
person2	1701	626	218	453	
person3	630	381	1029	698	
person1	0	269	664	808	
person2	1698	625	221	454	
person3	626	377	1033	702	
person1	0	263	666	816	
person2	1698	625	221	454	
person3	631	379	1023	700	
person1	0	267	665	812	
person2	1698	619	221	460	
person3	621	380	1043	696	
person1	0	263	666	816	
person2	1698	622	221	457	
person3	631	375	1026	703	
person1	0	266	665	813	
person2	1696	624	223	455	
person3	638	376	1010	701	
person1	0	268	669	811	
person2	1697	619	222	460	
person3	632	377	1017	702	
person1	0	273	673	806	
person2	1697	621	222	458	
person3	624	376	1031	702	
person1	0	266	670	813	
person2	1695	618	224	461	
person3	626	373	1029	706	
person1	0	268	670	811	
person2	1694	619	225	460	
person3	633	366	1016	713	
person1	0	272	670	807	
person2	1693	618	226	461	
person3	626	378	1029	701	
person1	0	267	667	812	
person2	1695	602	224	463	
person3	627	372	1030	705	
person1	0	268	662	811	
person2	1696	615	223	464	
person3	631	378	1021	701	
person1	0	267	665	812	
person2	1697	618	222	461	
person3	622	380	1042	692	
person1	0	265	666	814	
person2	1697	619	222	460	
person3	618	374	1048	705	
person1	0	268	664	811	
person2	1697	622	222	457	
person3	621	375	1042	700	
person1	0	267	663	812	
person2	622	382	1041	690	
person3	1698	621	221	458	
person1	0	267	663	812	
person2	1696	627	223	452	
person3	628	383	1030	685	
person1	0	269	664	808	
person2	1699	622	220	457	
person3	622	380	1041	685	
person1	0	271	664	808	
person2	1697	622	222	457	
person3	613	384	1057	677	
person1	0	273	668	806	
person2	1695	620	224	459	
person3	612	381	1058	683	
person1	0	273	665	806	
person2	1696	617	223	462	
person3	609	365	1068	714	
person1	0	273	666	806	
person2	621	361	1039	718	
person3	1697	621	222	458	
person1	0	270	663	809	
person2	624	370	1034	709	
person3	1699	624	220	455	
person1	0	275	668	804	
person2	624	368	1032	711	
person3	1695	620	224	459	
person1	0	272	664	807	
person2	623	361	1037	718	
person3	1697	622	222	457	
person1	0	273	662	806	
person2	625	378	1032	697	
person3	1697	620	222	459	
person1	0	266	659	813	
person2	622	363	1035	716	
person3	1696	603	223	461	
person1	0	268	660	811	
person2	618	372	1043	705	
person3	1697	602	222	462	
person1	0	268	662	811	
person2	619	384	1042	683	
person3	1698	582	221	494	
person1	0	266	661	813	
person2	614	371	1054	708	
person1	0	266	664	813	
person2	606	376	1069	700	
person1	0	266	659	813	
person2	613	367	1055	712	
person3	1697	595	222	470	
person1	0	270	662	809	
person2	613	376	1052	703	
person1	0	270	664	809	
person2	610	368	1058	711	
person1	0	268	655	811	
person2	612	375	1055	704	
person1	0	268	658	811	
person2	607	377	1063	700	
person1	0	272	662	807	
person2	613	381	1052	693	
person3	1697	591	222	476	
person1	0	286	664	789	
person2	624	374	1033	700	
person1	0	282	664	795	
person2	627	376	1022	703	
person1	0	293	663	778	
person2	626	379	1028	693	
person1	0	273	653	806	
person2	608	393	1058	675	
person1	0	267	670	812	
person2	616	391	1045	675	
person1	3	193	545	886	
person2	604	405	1067	665	
person1	8	163	521	916	
person2	599	395	1075	677	
person3	482	829	165	205	
person1	13	112	456	967	
person2	606	398	1063	671	
person3	448	829	186	192	
person1	7	85	424	982	
person2	611	389	1051	690	
person3	476	828	174	197	
person1	11	77	404	996	
person2	600	397	1073	674	
person3	477	826	174	198	
person1	11	72	407	1002	
person2	597	396	1080	674	
person3	477	827	174	194	
person1	7	66	351	1012	
person2	602	393	1070	677	
person1	8	74	341	997	
person2	600	399	1073	674	
person3	475	826	178	204	
person1	9	91	332	968	
person2	610	392	1051	683	
person3	476	828	173	194	
person1	10	88	332	973	
person2	599	387	1079	687	
person1	13	145	319	934	
person2	598	390	1078	687	
person3	477	828	173	195	
person1	12	130	322	949	
person2	609	384	1058	695	
person1	12	114	325	965	
person2	595	394	1086	675	
person1	10	127	329	952	
person2	598	393	1079	678	
person3	1699	574	220	505	
person4	475	827	176	198	
person1	9	119	330	960	
person2	599	378	1076	701	
person3	1698	582	221	493	
person4	476	828	174	196	
person1	5	286	721	792	
person2	1675	632	244	445	
person3	780	566	760	509	
person1	7	284	719	794	
person2	1676	633	243	444	
person3	774	565	768	512	
person1	5	284	723	793	
person2	1677	629	242	447	
person3	772	567	769	508	
person1	5	281	721	798	
person2	1676	631	243	445	
person3	777	565	762	511	
person1	3	284	724	795	
person2	1673	632	246	447	
person3	768	566	768	513	
person1	6	281	717	798	
person2	1675	633	244	441	
person3	774	568	759	508	
person1	4	284	727	791	
person2	1671	637	248	435	
person3	774	562	767	517	
person1	7	282	722	796	
person2	1674	636	245	438	
person3	776	564	757	512	
person1	7	280	721	799	
person2	1676	632	243	444	
person3	776	562	757	516	
person1	8	274	730	805	
person2	1673	633	246	446	
person3	777	563	760	513	
person1	7	277	731	802	
person2	1673	634	246	443	
person3	779	562	756	517	
person1	13	271	723	808	
person2	1676	628	243	451	
person3	783	563	740	516	
person1	8	277	729	802	
person2	1672	634	247	441	
person3	781	564	751	515	
person1	8	279	725	800	
person2	1673	633	246	443	
person3	789	562	739	517	
person1	6	280	730	799	
person2	1677	630	242	449	
person3	781	566	750	512	
person1	5	283	728	796	
person2	1677	633	242	444	
person3	777	565	757	514	
person1	2	286	730	789	
person2	1676	633	243	444	
person3	776	561	762	518	
person1	4	284	723	792	
person2	1678	631	241	448	
person3	780	565	753	514	
person1	1	283	732	796	
person2	1676	632	243	444	
person3	776	571	756	508	
person1	3	285	725	793	
person2	1678	631	241	442	
person3	777	564	758	515	
person1	2	287	725	790	
person2	1670	609	249	448	
person3	777	564	758	515	
person1	0	285	726	792	
person2	1663	623	256	417	
person3	781	565	751	514	
person1	2	287	728	788	
person2	1672	623	247	419	
person3	777	563	753	516	
person1	2	284	729	794	
person2	1672	624	247	419	
person3	779	568	759	511	
person1	2	281	728	798	
person2	1674	630	245	446	
person3	775	568	758	511	
person1	5	281	725	798	
person2	1677	629	242	450	
person3	773	568	765	511	
person1	4	282	727	797	
person2	1675	628	244	451	
person3	780	566	753	513	
person1	4	279	725	800	
person2	1669	629	250	450	
person3	779	567	749	512	
person1	5	283	724	796	
person2	1669	627	249	452	
person3	783	567	745	512	
person1	9	280	717	799	
person2	1678	629	241	450	
person3	776	568	757	511	
person1	10	281	716	798	
person2	1679	628	240	451	
person3	769	568	772	511	
person1	1259	262	660	798	
person2	763	690	646	388	
person3	203	801	228	272	
person1	1261	253	658	814	
person2	766	689	641	390	
person3	206	800	223	274	
person1	1261	248	658	817	
person2	760	690	654	388	
person3	201	801	227	272	
person1	1259	253	660	814	
person2	751	690	667	388	
person3	202	803	229	270	
person1	1262	258	657	812	
person2	768	683	636	396	
person3	199	803	231	269	
person1	1258	254	661	808	
person2	758	686	659	393	
person3	203	802	225	270	
person1	1257	255	662	813	
person2	167	783	254	293	
person3	750	685	669	394	
person1	1259	250	660	813	
person2	163	779	259	294	
person3	765	687	644	392	
person1	1257	253	662	815	
person2	162	776	261	299	
person3	761	688	648	391	
person1	1259	249	660	816	
person2	165	776	256	296	
person3	770	691	635	386	
person1	1257	254	662	810	
person2	161	780	270	299	
person3	759	691	654	386	
person1	1260	252	659	811	
person2	172	791	280	286	
person3	765	692	644	385	
person1	1260	252	659	810	
person2	161	793	267	285	
person3	771	689	632	388	
person1	1260	254	659	810	
person2	158	800	271	279	
person3	771	689	630	389	
person1	1262	250	657	815	
person2	158	799	273	280	
person3	765	687	635	392	
person1	1257	254	662	813	
person2	158	800	276	278	
person3	780	694	606	381	
person1	1256	255	663	808	
person2	159	796	274	282	
person3	775	695	606	379	
person1	1257	252	662	808	
person2	167	803	286	269	
person3	772	690	610	386	
person1	1257	253	662	806	
person2	159	787	273	287	
person3	779	693	598	381	
person1	1254	264	665	797	
person2	163	779	264	297	
person3	777	699	593	373	
person1	1259	244	660	823	
person2	161	777	269	299	
person3	778	701	585	369	
person1	1254	249	665	822	
person2	161	777	268	297	
person3	780	700	575	370	
person1	1247	256	672	816	
person2	159	777	271	297	
person3	778	695	582	379	
person1	1235	284	684	776	
person2	155	784	316	287	
person3	772	697	584	372	
person1	1211	301	708	756	
person2	152	781	288	291	
person3	755	695	590	374	
person1	1183	300	736	757	
person2	157	777	270	301	
person3	766	690	551	382	
person1	1174	304	745	754	
person2	154	781	269	294	
person3	719	681	543	398	
person1	1222	325	691	754	
person2	153	780	270	293	
person3	708	676	521	403	
person1	1214	354	705	725	
person2	148	774	278	303	
person3	671	660	528	419	
person1	1209	373	710	706	
person2	133	774	314	304	
person3	611	658	539	418	
person1	1223	389	696	689	
person2	136	774	297	298	
person3	598	653	530	426	
person1	1240	399	679	680	
person2	130	780	299	290	
person3	596	650	523	427	
person1	365	0	1442	1079	
person1	370	0	1435	1079	
person1	374	0	1428	1079	
person1	367	0	1441	1079	
person1	363	0	1447	1079	
person1	366	0	1436	1079	
person1	361	0	1445	1079	
person1	361	0	1444	1079	
person1	363	0	1442	1079	
person1	368	0	1440	1079	
person1	369	0	1436	1079	
person1	354	2	1457	1073	
person1	358	0	1453	1079	
person1	370	0	1431	1079	
person1	367	2	1443	1070	
person1	365	0	1442	1079	
person1	360	1	1451	1075	
person1	359	0	1454	1079	
person1	356	0	1463	1079	
person1	354	0	1466	1079	
person1	361	0	1455	1078	
person1	428	10	1417	1069	
person1	455	0	1383	1079	
person1	454	22	1390	1057	
person1	373	11	1423	1068	
person1	329	9	1490	1070	
person1	317	37	1517	1016	
person1	331	37	1503	1000	
person1	325	0	1299	1079	
person1	317	0	1076	1079	
person1	248	0	951	1079	
person1	177	0	941	1079	
person1	144	33	887	1046	
person2	1006	804	356	265	
person1	142	128	775	951	
person2	991	798	378	279	
person1	143	142	792	937	
person2	987	795	387	281	
person1	187	158	758	921	
person1	242	179	696	900	
person2	985	799	390	274	
person1	281	248	709	831	
person1	357	237	677	842	
person2	1010	801	360	267	
person1	384	280	673	789	
person1	418	290	638	778	
person2	1027	816	337	252	
person1	446	305	616	753	
person1	448	301	622	761	
person1	440	305	623	749	
person2	1031	811	331	254	
person1	433	309	608	735	
person1	425	307	618	742	
person1	424	310	622	737	
person1	422	308	624	742	
person1	425	305	624	747	
person2	1031	810	331	260	
person1	432	308	617	741	
person1	431	308	619	743	
person1	436	309	614	740	
person1	434	308	615	740	
person1	432	310	625	738	
person1	430	311	625	735	
person1	431	312	628	733	
person1	432	316	629	726	
person1	430	311	630	734	
person1	424	313	634	730	
person1	422	313	635	729	
person1	426	314	640	729	
person1	426	315	643	729	
person1	418	317	648	726	
person1	386	310	675	738	
person1	360	300	647	747	
person1	305	292	655	766	
person1	262	285	666	780	
person1	243	300	634	753	
person1	188	292	673	770	
person1	181	297	667	762	
person1	161	275	649	804	
person1	152	284	634	794	
person1	148	295	622	772	
person1	142	295	623	769	
person1	137	297	627	765	
person1	136	301	621	758	
person1	138	302	612	757	
person1	143	303	606	756	
person1	134	304	617	753	
person1	132	300	620	761	
person1	123	311	626	741	
person1	119	307	635	745	
person1	122	304	632	751	
person1	120	306	633	745	
person1	119	295	634	766	
person1	128	311	631	737	
person1	137	301	625	754	
person1	144	300	618	756	
person1	137	300	627	761	
person1	130	299	635	764	
person1	106	292	662	774	
person1	86	278	685	799	
person1	35	258	767	821	
person1	20	248	793	831	
person1	17	215	797	864	
person1	24	170	786	909	
person1	26	124	770	955	
person1	0	106	718	973	
person1	0	94	694	985	
person1	0	0	660	1079	
person1	3	0	650	1079	
person1	0	0	653	1079	
person1	0	0	656	1079	
person1	0	0	675	1079	
person1	0	0	675	1079	
person2	1002	792	343	279	
person1	0	3	690	1076	
person1	796	255	380	527	
person2	0	0	679	1079	
person1	8	1	656	1078	
person2	788	175	399	557	
person1	22	3	628	1076	
person2	762	209	418	508	
person1	767	206	398	534	
person1	794	268	389	503	
person1	758	187	386	519	
person2	37	21	578	1028	
person1	0	10	497	1011	
person1	5	0	533	1052	
person2	675	97	410	533	
person1	727	110	465	495	
person1	734	160	455	520	
person2	34	0	587	970	
person1	734	178	452	513	
person2	48	0	549	965	
person1	0	0	566	973	
person2	731	186	441	492	
person1	53	0	531	961	
person2	732	181	446	493	
person1	0	13	534	1007	
person2	658	222	446	496	
person1	0	4	504	1010	
person2	660	232	433	480	
person1	0	0	551	975	
person2	709	197	440	487	
person1	713	208	427	484	
person2	0	0	551	984	
person1	716	281	439	471	
person2	0	8	543	1017	
person1	0	9	559	1043	
person2	764	267	378	362	
person1	742	271	445	493	
person1	0	8	510	1051	
person2	723	274	412	506	
person1	734	265	420	498	
person2	2	0	561	1047	
person1	747	274	449	485	
person1	768	212	416	523	
person1	765	254	430	518	
person2	42	17	565	1017	
person1	802	371	381	356	
person1	827	296	403	544	
person1	822	306	412	525	
person2	0	0	686	1079	
person1	822	301	411	530	
person1	777	362	411	526	
person1	0	2	669	1077	
person2	830	307	396	523	
person1	4	11	654	1068	
person1	757	244	452	564	
person1	764	266	435	518	
person1	769	383	356	553	
person1	53	0	968	1079	
person1	5	0	937	1079	
person1	68	0	929	1079	
person2	1113	576	439	474	
person1	26	1	904	1065	
person2	1033	586	491	478	
person1	70	0	921	1079	
person1	63	0	949	1079	
person1	21	0	856	1079	
person1	16	0	802	1079	
person2	1030	709	308	311	
person1	19	0	802	1079	
person2	1044	708	280	277	
person1	30	0	805	1079	
person1	133	0	773	1079	
person1	205	0	679	1079	
person1	225	46	688	1028	
person1	222	116	702	925	
person1	207	135	696	936	
person1	203	177	643	892	
person1	172	201	640	878	
person1	142	225	606	848	
person1	85	273	609	797	
person1	83	272	593	791	
person2	1044	719	281	287	
person1	65	285	593	787	
person1	51	289	606	785	
person1	64	291	589	783	
person1	88	308	573	749	
person1	128	331	503	744	
person2	1053	711	264	297	
person1	131	345	504	726	
person2	1050	721	267	288	
person1	135	348	502	727	
person2	1051	716	267	295	
person1	137	355	502	718	
person2	1054	710	261	305	
person1	139	364	498	709	
person1	173	374	496	693	
person2	1047	719	260	287	
person1	144	370	488	704	
person1	141	369	493	704	
person2	1053	721	260	287	
person1	140	374	496	701	
person2	1056	717	259	299	
person1	142	374	494	699	
person1	143	374	492	700	
person1	142	377	494	700	
person1	175	388	495	681	
person1	178	381	487	690	
person1	186	380	479	690	
person1	200	388	467	684	
person2	1049	722	263	296	
person1	212	383	459	678	
person1	224	381	470	682	
person1	243	374	455	697	
person1	272	352	435	727	
person1	306	345	442	734	
person1	329	341	449	738	
person1	355	326	455	753	
person1	383	328	475	749	
person1	399	318	460	761	
person1	406	320	485	759	
person1	434	303	486	776	
person1	458	313	456	732	
person1	494	309	452	741	
person1	551	298	406	781	
person1	576	301	410	778	
person1	596	315	386	723	
person1	604	321	444	709	
person1	606	316	480	719	
person1	624	313	469	733	
person1	635	284	493	795	
person1	648	292	470	778	
person1	639	288	490	784	
person1	642	290	489	779	
person1	648	273	482	806	
person1	652	301	544	755	
person1	651	294	548	766	
person1	658	294	532	768	
person1	664	301	529	755	
person1	680	309	492	738	
person1	689	307	500	740	
person1	708	281	499	795	
person1	740	247	471	832	
person1	765	247	542	828	
person1	816	197	527	882	
person1	877	180	505	882	
person1	917	148	552	931	
person1	970	154	555	922	
person1	1001	109	583	944	
person1	1029	82	686	997	
person1	1057	93	763	976	
person1	1108	73	763	994	
person2	1067	713	245	332	
person1	1224	77	695	991	
person1	1256	60	663	1005	
person1	1281	60	638	1006	
person1	1308	78	554	969	
person1	1316	100	519	950	
person1	1305	116	541	925	
person1	1299	117	556	920	
person1	1309	109	567	939	
person1	1308	91	604	988	
person1	1360	90	559	970	
person1	1421	78	498	999	
person1	1460	75	459	987	
person1	1478	35	441	1044	
person1	1536	9	383	1070	
person1	1571	2	332	1077	
person1	1582	0	320	1079	
person1	1599	2	311	1077	
person1	1614	0	303	1079	
person1	1623	0	295	1079	
person1	1635	0	281	1079	
person1	1636	0	280	1079	
person1	1644	0	272	1079	
person1	1645	13	273	1066	
person1	1639	10	279	1069	
person1	1628	8	288	1071	
person1	1617	17	292	1062	
person1	1584	11	326	1068	
person1	1571	17	337	1062	
person1	1543	48	376	1024	
person1	1493	72	417	988	
person1	1460	88	459	960	
person1	1454	97	465	951	
person1	1440	115	479	916	
person1	1419	85	500	994	
person1	1402	104	517	975	
person1	1394	134	525	884	
person1	1362	123	557	907	
person1	1336	131	575	948	
person1	1312	119	590	960	
person1	1311	122	580	957	
person1	1313	129	568	950	
person1	1301	136	563	943	
person1	1292	149	555	930	
person1	1280	140	556	939	
person1	1278	141	557	938	
person1	1296	128	539	951	
person1	1305	122	544	914	
person1	1317	130	548	896	
person1	1371	77	548	997	
person1	1390	54	529	1003	
person1	1390	34	527	1018	
person1	1401	0	517	1079	
person1	1419	0	500	1070	
person1	1449	0	470	1079	
person1	1478	0	441	1079	
person1	1533	0	386	920	
person1	1578	0	341	1071	
person1	1631	0	277	901	
person1	1650	17	260	673	
person1	1094	755	179	190	
person1	1664	0	255	1072	
person1	1620	0	292	1072	
person2	1092	753	184	193	
person1	1550	0	369	1079	
person1	1511	0	408	1079	
person1	1452	3	467	1047	
person1	1416	24	503	1055	
person1	1408	27	511	1044	
person1	1387	37	532	1033	
person1	1366	55	553	996	
person1	1348	53	571	998	
person1	1331	46	588	1026	
person1	1309	54	592	994	
person1	1315	70	563	968	
person1	1312	70	552	984	
person1	1316	81	541	967	
person1	1308	89	529	948	
person1	1275	84	538	983	
person1	1172	81	651	998	
person1	1094	136	711	943	
person2	1020	718	266	320	
person1	1048	176	628	896	
person1	976	174	579	905	
person1	912	185	581	894	
person1	883	189	585	890	
person1	828	168	595	911	
person1	793	153	617	922	
person1	752	144	620	926	
person1	694	110	667	939	
person1	651	78	682	986	
person1	573	54	762	1015	
person1	543	31	764	1042	
person1	460	3	834	1076	
person1	371	0	939	1079	
person1	330	0	991	1072	
person1	288	0	1136	1075	
person1	279	0	1198	1079	
person1	363	0	1234	1079	
person1	467	0	1363	1079	
person1	664	0	1195	1079	
person1	778	0	1141	1079	
person1	850	0	1069	1079	
person1	925	0	994	1079	
person1	880	0	1026	1079	
person1	989	6	926	1073	
person1	1018	194	901	874	
person1	1018	372	871	684	
person1	992	356	915	723	
person1	979	380	769	693	
person1	1000	367	903	712	
person1	1019	391	880	670	
person2	1039	768	213	205	
person1	1025	376	878	703	
person2	1039	770	210	208	
person1	1009	372	900	699	
person1	1002	379	897	684	
person2	1037	768	216	203	
person1	970	375	949	668	
person1	986	367	933	685	
person2	1024	768	231	197	
person1	1000	367	919	693	
person1	1015	369	904	687	
person1	1021	374	893	674	
person1	1012	380	907	665	
person1	1010	372	909	673	
person1	1009	376	910	682	
person1	957	377	962	673	
person2	1028	767	223	198	
person1	991	378	921	674	
person2	1028	768	225	200	
person1	1007	366	897	702	
person2	1032	770	218	201	
person1	1016	343	894	736	
person2	1032	769	213	200	
person1	1003	367	911	711	
person2	1033	767	211	205	
person1	1001	395	885	674	
person2	1028	763	219	209	
person1	1024	403	858	656	
person2	1030	764	214	208	
person1	1003	390	887	685	
person2	1035	763	201	211	
person1	1042	403	863	658	
person2	1039	766	194	207	
person1	1024	395	892	662	
person2	1036	764	202	209	
person1	1003	402	906	658	
person2	1035	764	203	210	
person1	981	400	927	666	
person1	998	391	899	678	
person2	1040	766	192	205	
person1	1022	391	851	683	
person2	1041	767	187	209	
person1	1028	392	831	681	
person2	1036	766	189	209	
person1	1033	394	818	682	
person2	1034	768	191	209	
person1	1036	407	807	661	
person2	1030	767	193	209	
person1	956	412	868	647	
person2	1027	768	197	213	
person1	946	419	889	639	
person2	1028	767	197	211	
person1	1032	412	821	654	
person2	1032	767	192	208	
person1	958	418	868	641	
person2	1041	770	198	197	
person1	975	417	821	642	
person2	1039	770	203	196	
person1	915	375	942	704	
person2	1036	770	204	199	
person1	994	436	920	633	
person1	1027	393	848	681	
person2	1032	767	212	207	
person1	1027	393	891	686	
person2	1034	768	207	206	
person1	1020	393	899	686	
person2	1037	770	202	208	
person1	1017	394	902	685	
person2	1038	770	201	204	
person1	1029	410	830	669	
person2	1041	772	189	205	
person1	1002	418	873	661	
person1	989	428	892	651	
person1	991	424	770	651	
person1	991	423	758	656	
person1	991	423	763	656	
person1	993	438	766	641	
person1	970	447	809	632	
person1	954	447	824	632	
person1	956	448	821	631	
person1	946	449	844	630	
person1	948	451	838	628	
person1	972	447	794	632	
person1	987	438	780	640	
person1	989	430	780	648	
person1	998	425	886	654	
person1	991	421	892	658	
person1	1005	425	878	654	
person1	996	417	896	662	
person1	1013	409	897	670	
person2	1040	771	198	201	
person1	999	406	918	673	
person2	1030	769	220	199	
person1	1005	394	895	685	
person2	1031	771	212	196	
person1	998	382	898	697	
person2	1033	774	213	191	
person1	987	382	906	691	
person1	994	375	899	694	
person1	1019	369	881	702	
person1	1018	362	892	706	
person1	1015	364	904	699	
person1	1014	363	905	700	
person1	1015	362	904	702	
person1	1015	363	904	708	
person1	1014	362	905	707	
person1	1012	364	907	706	
person1	1012	369	902	699	
person1	1005	370	911	705	
person1	1018	364	901	714	
person1	1009	371	905	704	
person1	1006	372	895	699	
person1	1001	372	896	701	
person1	1005	372	894	700	
person1	1004	377	894	696	
person1	1000	377	892	696	
person1	1000	381	892	692	
person1	993	383	903	685	
person1	996	373	907	706	
person1	992	374	918	698	
person1	990	374	920	702	
person1	994	375	920	704	
person1	996	382	903	697	
person1	999	379	915	700	
person1	1011	384	901	695	
person1	1013	396	903	683	
person1	1014	395	902	684	
person1	1019	398	897	681	
person1	1003	404	916	675	
person1	996	407	923	672	
person1	997	399	922	680	
person1	994	405	925	674	
person2	1036	766	201	205	
person1	995	411	924	668	
person2	1032	768	206	206	
person1	983	413	936	665	
person2	1034	770	203	204	
person1	987	407	932	672	
person1	992	390	927	689	
person2	1037	772	201	198	
person1	1	780	710	298	
person1	0	529	821	550	
person1	1	553	919	526	
person1	1349	579	416	340	
person1	1273	506	417	349	
person1	929	519	441	315	
person1	745	318	397	303	
person1	591	321	385	285	
person1	751	586	444	493	
person1	1558	153	354	921	
person1	1285	286	634	769	
person1	1252	376	658	682	
person1	995	279	924	797	
person1	832	66	1087	1002	
person1	670	15	1191	1064	
person1	523	0	1318	1079	
person1	504	8	1312	1049	
person1	619	12	1254	1004	
person1	840	0	1079	746	
person1	967	1	950	721	
person1	990	5	929	711	
person1	517	9	1268	1018	
person1	526	9	1253	1003	
person1	462	9	1378	938	
person1	513	10	1305	929	
person1	530	11	1256	1005	
person1	275	49	1586	1030	
person1	181	667	408	412	
person1	0	757	288	322	
person1	0	762	286	314	
person1	0	762	273	313	
person1	0	723	250	356	
person1	44	388	1275	691	
person1	231	0	1258	1054	
person1	301	0	1347	856	
person1	323	0	1073	831	
person1	480	23	1172	997	
person1	590	39	1329	1040	
person1	530	164	1305	915	
person1	666	208	1206	863	
person1	787	278	1132	772	
person1	705	355	1165	723	
person1	997	236	922	814	
person1	1149	364	770	711	
person1	1151	305	680	752	
person1	1266	211	649	850	
person1	1373	142	546	937	
person1	1459	138	460	941	
person1	1602	33	308	1046	
person1	1634	29	278	1050	
person1	1695	0	218	1078	
person1	156	805	447	263	
person1	128	593	827	486	
person1	120	541	924	535	
person1	68	428	1007	651	
person1	150	385	1183	692	
person1	127	291	1249	765	
person1	0	134	1326	945	
person1	41	87	1420	948	
person1	15	27	1472	1012	
person1	39	22	1432	1007	
person1	18	19	1502	1034	
person1	13	7	1525	1041	
person1	18	0	1516	1057	
person1	0	38	1565	1018	
person1	11	45	1523	1006	
person1	9	110	1510	969	
person1	0	138	1537	941	
person1	36	152	1457	927	
person1	90	198	1370	870	
person1	124	228	1306	818	
person1	213	235	1298	824	
person1	182	245	1349	810	
person1	208	240	1287	806	
person1	204	244	1330	807	
person1	195	231	1351	826	
person1	195	243	1344	800	
person1	217	245	1303	803	
person1	171	180	1404	883	
person1	177	174	1539	878	
person1	179	31	1373	1013	
person1	328	17	1293	1031	
person1	318	0	1291	1079	
person1	296	0	1334	1079	
person1	542	0	1059	1077	
person1	678	0	971	1079	
person1	712	0	905	1079	
person1	686	0	909	1079	
person1	608	0	915	1075	
person1	677	0	917	1079	
person1	677	0	954	1079	
person1	552	0	1035	1075	
person1	743	0	860	1079	
person1	745	0	861	1079	
person1	847	0	808	1079	
person1	785	0	927	1079	
person1	202	16	1360	1042	
person1	191	10	1372	1051	
person1	175	5	1393	1061	
person1	140	0	1455	1073	
person1	146	0	1455	1066	
person1	133	1	1465	1065	
person1	152	1	1422	1064	
person1	139	0	1417	1063	
person1	125	1	1475	1064	
person1	142	0	1446	1064	
person1	129	0	1298	1079	
person1	52	382	944	697	
person1	6	377	838	702	
person1	0	435	565	644	
person1	15	458	433	621	
person1	10	463	451	616	
person1	17	426	398	653	
person1	716	25	943	1039	
person1	796	0	954	1079	
person1	1239	0	667	1079	
person1	1229	13	690	1055	
person1	1043	0	876	1079	
person1	975	0	944	1079	
person1	656	0	1209	1079	
person1	349	0	1219	1059	
person1	219	34	1241	987	
person1	99	6	1273	863	
person1	83	1	1173	900	
person1	1	0	1098	1069	
person1	0	0	735	1076	
person1	1184	0	735	1079	
person1	7	5	491	1069	
person2	1035	0	884	1079	
person1	0	21	451	1028	
person1	705	0	1159	1064	
person1	450	0	1451	1074	
person1	182	0	1345	1079	
person1	181	0	1350	1079	
person1	190	0	1327	1079	
person1	172	0	1344	1067	
person1	144	0	1377	1074	
person1	169	0	1353	1079	
person1	193	0	1293	1079	
person1	175	0	1325	1079	
person1	151	0	1381	1079	
person1	399	0	1321	1079	
person1	485	0	1322	1079	
person1	456	0	1359	1079	
person1	486	0	1312	1079	
person1	574	0	1319	1079	
person1	722	0	1131	1073	
person1	835	0	1078	1075	
person1	852	0	1048	1079	
person1	813	0	1092	1079	
person1	814	0	1093	1079	
person2	5	0	445	1079	
person1	697	0	1173	1063	
person2	14	0	451	1079	
person1	688	0	1175	1075	
person2	7	0	667	1063	
person1	486	0	1364	1079	
person1	199	0	1329	1079	
person1	0	0	1310	1079	
person1	86	0	1349	1057	
person1	0	0	1117	1060	
person1	0	10	756	1061	
person1	9	0	640	1079	
person1	10	0	525	1056	
person1	12	20	658	1032	
person1	21	0	698	1079	
person1	271	0	950	1079	
person1	673	0	951	1076	
person1	883	0	964	1079	
person1	1380	0	539	1079	
person1	51	0	1262	1079	
person1	634	32	1266	1031	
person1	965	27	937	1052	
person1	1394	149	497	930	
person1	1158	0	761	1079	
person1	885	15	1013	1064	
person1	668	158	1227	921	
person1	616	261	1292	818	
person1	406	407	1474	672	
person1	83	0	1371	1079	
person1	5	0	422	1059	
person1	0	18	935	1053	
person1	0	11	860	1068	
person1	0	0	722	1079	
person1	0	0	694	1079	
person1	0	8	668	1067	
person1	14	0	402	1079	
person1	14	0	407	1079	
person1	12	0	421	1079	
person1	0	0	480	1079	
person1	7	0	509	1079	
person1	5	0	508	1079	
person1	0	0	548	1079	
person1	0	0	547	1079	
person1	2	0	441	1079	
person1	13	0	436	1079	
person1	13	0	458	1079	
person1	12	0	477	1079	
person1	4	0	470	1079	
person1	15	0	446	1079	
person1	0	0	514	1079	
person1	2	17	476	1024	
person1	0	15	500	851	
person1	0	18	491	1017	
person1	0	5	475	855	
person1	0	25	488	1008	
person1	3	2	541	1056	
person1	0	0	666	1079	
person1	9	0	670	1079	
person1	0	0	743	1079	
person1	11	0	742	1079	
person1	0	0	879	1079	
person1	0	0	873	1079	
person1	0	0	929	1079	
person1	0	0	926	1079	
person1	0	2	848	1077	
person1	0	10	789	1069	
person1	0	16	742	1063	
person1	2	3	721	1076	
person1	7	0	756	1079	
person1	24	0	796	1079	
person1	10	0	863	1079	
person1	5	0	937	1079	
person1	0	0	926	1079	
person1	0	0	924	1079	
person1	0	0	937	1079	
person1	6	0	879	1079	
person1	2	0	865	1079	
person1	11	0	840	1079	
person1	13	0	840	1079	
person1	11	0	672	1079	
person1	4	0	677	1079	
person1	0	0	692	1079	
person1	7	0	661	1079	
person1	2	0	697	1079	
person1	0	0	767	1079	
person1	0	0	879	1079	
person1	0	0	937	1079	
person1	189	0	896	936	
person1	329	0	813	939	
person1	372	0	782	956	
person1	253	0	842	1077	
person1	627	0	1266	1055	
person1	436	30	1427	1030	
person1	430	50	1433	1003	
person1	0	218	259	848	
person1	0	30	429	807	
person1	104	66	430	751	
person1	844	207	444	700	
person1	474	803	435	269	
person1	403	640	539	439	
person1	228	442	1028	630	
person1	372	542	778	521	
person1	510	634	554	444	
person1	507	644	541	435	
person1	261	746	455	328	
person1	1290	0	588	519	
person1	674	121	608	592	
person1	180	0	599	508	
person1	165	3	611	307	
person1	798	18	668	509	
person1	837	0	709	640	
person1	916	0	657	507	
person1	824	3	666	332	
person1	862	0	617	636	
person1	859	414	791	656	
person1	861	458	792	603	
person1	822	413	1065	666	
person1	860	343	753	728	
person1	908	253	648	745	
person1	906	250	659	741	
person1	863	239	652	752	
person1	865	243	649	745	
person1	859	230	650	749	
person1	725	144	1084	839	
person1	801	209	693	725	
person1	845	198	663	731	
person1	851	197	652	728	
person1	856	194	647	728	
person1	861	181	645	748	
person1	859	179	639	747	
person1	855	192	633	719	
person1	855	185	640	734	
person1	859	188	640	729	
person1	849	191	651	726	
person1	862	178	643	736	
person1	873	163	631	747	
person1	895	205	691	702	
person1	1062	214	625	666	
person1	1567	269	347	603	
person1	129	498	682	555	
person1	1442	29	469	594	
person1	1361	24	558	653	
person1	1198	2	721	751	
person1	1153	0	762	876	
person1	1021	20	891	853	
person1	981	0	900	887	
person1	872	30	966	842	
person1	842	53	985	833	
person1	785	127	985	841	
person1	769	192	983	838	
person1	756	221	1008	843	
person1	761	239	995	828	
person1	780	264	989	800	
person1	860	278	960	791	
person1	852	267	979	792	
person1	858	221	977	845	
person1	863	219	979	844	
person1	877	170	972	892	
person1	890	173	971	805	
person1	889	158	973	827	
person1	876	161	995	814	
person1	884	105	993	870	
person1	874	152	994	820	
person1	864	153	992	828	
person1	868	153	981	819	
person1	865	123	973	844	
person1	848	119	1001	851	
person1	886	113	968	851	
person1	865	126	982	840	
person1	852	95	995	886	
person1	852	78	971	805	
person1	859	57	962	817	
person1	854	68	962	804	
person1	871	59	922	818	
person1	868	58	942	818	
person1	853	45	956	834	
person1	837	9	986	889	
person1	761	71	962	786	
person1	738	49	978	814	
person1	741	57	980	804	
person1	751	40	955	830	
person1	755	39	948	828	
person1	753	35	953	840	
person1	748	25	961	855	
person1	760	22	943	848	
person1	750	22	977	832	
person1	827	13	868	732	
person1	766	39	949	789	
person1	811	12	872	735	
person1	816	8	843	740	
person1	839	0	797	755	
person1	757	28	863	700	
person1	767	30	827	695	
person1	756	25	853	703	
person1	753	27	859	695	
person1	750	35	866	680	
person1	728	29	876	670	
person1	730	31	887	668	
person1	747	31	856	657	
person1	730	31	867	671	
person1	55	18	1401	874	
person1	526	0	1393	518	
person1	585	0	1320	873	
person1	657	0	1242	1079	
person1	830	184	1088	895	
person1	879	323	1010	756	
person1	1033	414	862	665	
person1	1190	575	714	504	
person1	1196	706	512	360	
person1	1190	707	513	360	
person1	1226	719	509	360	
person1	1234	713	517	366	
person1	1188	676	594	392	
person1	1237	615	605	457	
person1	1231	526	664	553	
person1	1015	263	860	816	
person1	987	0	932	892	
person1	13	50	644	836	
person1	10	8	322	693	
person1	3	26	313	799	
person1	9	11	283	887	
person1	989	0	926	468	
person1	554	0	1274	747	
person1	399	6	1492	894	
person1	232	27	1466	1001	
person1	17	0	1326	1077	
person1	37	200	1055	866	
person1	34	348	834	731	
person1	22	343	855	736	
person1	2	378	858	701	
person1	23	371	891	708	
person1	21	364	917	715	
person1	72	372	945	707	
person1	114	359	917	720	
person1	137	337	1030	734	
person1	133	345	1048	721	
person1	178	208	1193	845	
person1	311	20	1496	1035	
person1	550	13	1369	1019	
person1	289	0	1394	1072	
person1	19	156	1061	898	
person1	0	41	983	768	
person1	2	607	837	472	
person1	10	463	850	609	
person1	23	378	1018	701	
person1	32	371	1098	708	
person1	212	25	1667	825	
person1	1114	619	539	451	
person1	1000	975	395	97	
person1	1030	945	382	126	
person1	1019	954	407	118	
person1	1022	948	397	126	
person1	998	928	400	151	
person1	1003	921	444	158	
person1	1005	889	448	190	
person1	1002	833	458	241	
person1	975	834	443	245	
person1	954	812	470	255	
person1	398	232	492	606	
person1	555	72	470	608	
person1	203	0	1675	1079	
person1	125	0	1794	1079	
person1	162	0	1757	1079	
person1	119	0	1800	1058	
